578.0 45.0 567.64 104.5 0 1
733.0 1641.0 722.092 1646.08 0 2
1843.0 179.0 1845.17 218.407 0 3
26.0 309.0 47.6421 310.012 0 4
1739.0 317.0 1745.22 357.486 0 5
1392.0 1410.0 1394.78 1397.8 0 6
1175.0 1192.0 1170.99 1196.04 0 7
1141.0 1969.0 1156.86 1993.21 0 8
291.0 296.0 311.833 294.987 0 9
1672.0 1816.0 1653.03 1802.8 0 10
1109.0 236.0 1144.06 237.011 0 11
735.0 1540.0 761.498 1543.01 0 12
1298.0 601.0 1301.78 645.576 0 13
383.0 1100.0 371.165 1102.03 0 14
1897.0 1470.0 1881.11 1487.23 0 15
2012.0 650.0 1999.06 594.961 0 16
1133.0 503.0 1119.23 510.1 0 17
2020.0 1300.0 2031.16 1312.13 0 18
1382.0 1460.0 1395.83 1492.29 0 19
462.0 1214.0 464.671 1212.99 0 20
626.0 331.0 636.707 323.903 0 21
558.0 638.0 579.196 611.532 0 22
110.0 590.0 134.501 597.079 0 23
958.0 1568.0 972.535 1559.9 0 24
1261.0 282.0 1272.76 330.541 0 25
1517.0 1660.0 1493.02 1657.97 0 26
364.0 1220.0 368.577 1234.15 0 27
1757.0 1098.0 1746.86 1088.84 0 28
1117.0 439.0 1111.4 452.183 0 29
1969.0 1982.0 1975.33 1986.06 0 30
429.0 645.0 426.107 609.385 0 31
1167.0 658.0 1181.02 709.461 0 32
1395.0 261.0 1397.32 343.461 0 33
1167.0 1908.0 1179.44 1905.97 0 34
279.0 914.0 269.029 924.118 0 35
1864.0 1767.0 1851.36 1765.98 0 36
1591.0 1373.0 1588.14 1314.91 0 37
730.0 1881.0 724.535 1902.29 0 38
1047.0 956.0 1056.21 986.253 0 39
1719.0 1313.0 1716.35 1308.95 0 40
882.0 1935.0 914.636 1932.97 0 41
356.0 1765.0 384.111 1784.22 0 42
155.0 2093.0 171.413 2105.15 0 43
1520.0 191.0 1515.11 208.267 0 44
1251.0 621.0 1267.84 634.147 0 45
142.0 516.0 129.383 460.981 0 46
1297.0 771.0 1309.99 768.974 0 47
2041.0 2091.0 2041.05 2088.98 0 48
937.0 261.0 918.297 241.741 0 49
154.0 1524.0 140.55 1498.52 0 50
1324.0 2138.0 1337.45 2142.06 0 51
1597.0 1639.0 1608.74 1626.84 0 52
1838.0 452.0 1846.15 442.854 0 53
271.0 676.0 268.442 683.093 0 54
1818.0 1398.0 1811.39 1393.94 0 55
1706.0 56.0 1712.01 35.6944 0 56
294.0 617.0 330.908 610.902 0 57
1483.0 1034.0 1485.85 1031.97 0 58
1857.0 46.0 1900.66 68.2416 0 59
528.0 1808.0 558.06 1844.34 0 60
141.0 1591.0 144.799 1611.23 0 61
1695.0 1415.0 1707.18 1400.78 0 62
147.0 1173.0 129.544 1181.1 0 63
462.0 379.0 463.486 449.59 0 64
1824.0 684.0 1811.08 677.89 0 65
840.0 201.0 837.916 283.854 0 66
2026.0 1557.0 2006.79 1562.05 0 67
1976.0 1060.0 1976.98 1038.65 0 68
212.0 179.0 204.593 187.13 0 69
1145.0 1029.0 1137.82 1029.0 0 70
1443.0 1230.0 1463.92 1260.23 0 71
435.0 2091.0 446.549 2110.25 0 72
1876.0 1186.0 1860.46 1179.89 0 73
1890.0 1415.0 1906.98 1423.1 0 74
