1 25 2
2 25 2
3 25 2
4 25 2
5 25 2
6 25 2
7 25 2
8 25 2
9 25 2
10 25 2
11 25 2
12 25 2
13 25 2
14 25 2
15 25 2
16 25 2
17 25 2
18 25 2
19 25 2
20 25 2
21 25 2
22 25 2
23 25 2
24 25 2
25 25 2
26 25 2
27 25 2
28 25 2
29 25 2
30 25 2
31 25 2
32 25 2
33 25 2
34 25 2
35 25 2
36 25 2
37 25 2
38 25 2
39 25 2
40 25 2
41 25 2
42 25 2
43 25 2
44 25 2
45 25 2
46 25 2
47 25 2
48 25 2
49 25 2
50 25 2
51 25 2
52 25 2
53 25 2
54 25 2
55 25 2
56 25 2
57 25 2
58 25 2
59 25 2
60 25 2
61 25 2
62 25 2
63 25 2
64 25 2
65 25 2
66 25 2
67 25 2
68 25 2
69 25 2
70 25 2
71 25 2
72 25 2
73 25 2
74 25 2
